  35 1 0 0101 00010000
  36 0 0 0102 00030002
  37 0 0 0103 00050004
  38 0 0 0104 00070006
  39 0 0 0105 00090008
  40 0 0 0106 000B000A
  41 0 0 0107 000D000C
  42 0 1 0108 000F000E
  43 1 0 0311 10011000
  44 0 0 0312 10031002
  45 0 0 0313 10051004
  46 0 0 0314 10071006
  47 0 0 0315 10091008
  48 0 0 0316 100B100A
  49 0 0 0317 100D100C
  50 0 1 0318 100F100E
  51 1 0 0109 00110010
  52 0 0 010A 00130012
  53 0 0 010B 00150014
  54 0 0 010C 00170016
  55 0 0 010D 00190018
  56 0 0 010E 001B001A
  57 0 0 010F 001D001C
  58 0 1 0110 001F001E
  59 1 0 0319 10111010
  60 0 0 031A 10131012
  61 0 0 031B 10151014
  62 0 0 031C 10171016
  63 0 0 031D 10191018
  64 0 0 0311 101B101A
  65 0 0 0312 101D101C
  66 0 1 0313 101F101E
  67 1 0 0111 00210020
  68 0 0 0112 00230022
  69 0 0 0113 00250024
  70 0 0 0101 00270026
  71 0 0 0102 00290028
  72 0 0 0103 002B002A
  73 0 0 0104 002D002C
  74 0 1 0105 002F002E
  75 1 0 0314 10211020
  76 0 0 0315 10231022
  77 0 0 0316 10251024
  78 0 0 0317 10271026
  79 0 0 0318 10291028
  80 0 0 0319 102B102A
  81 0 0 031A 102D102C
  82 0 1 031B 102F102E
  83 1 0 0106 00310030
  84 0 0 0107 00330032
  85 0 0 0108 00350034
  86 0 0 0109 00370036
  87 0 0 010A 00390038
  88 0 0 010B 003B003A
  89 0 0 010C 003D003C
  90 0 1 010D 003F003E
  91 1 0 031C 10311030
  92 0 0 031D 10331032
  93 0 0 0311 10351034
  94 0 0 0312 10371036
  95 0 0 0313 10391038
  96 0 0 0314 103B103A
  97 0 0 0315 103D103C
  98 0 1 0316 103F103E
  99 1 0 010E 00410040
 100 0 0 010F 00430042
 101 0 0 0110 00450044
 102 0 0 0111 00470046
 103 0 0 0112 00490048
 104 0 0 0113 004B004A
 105 0 0 0101 004D004C
 106 0 1 0102 004F004E
 107 1 0 0317 10411040
 108 0 0 0318 10431042
 109 0 0 0319 10451044
 110 0 0 031A 10471046
 111 0 0 031B 10491048
 112 0 0 031C 104B104A
 113 0 0 031D 104D104C
 114 0 1 0311 104F104E
 115 1 0 0103 00510050
 116 0 0 0104 00530052
 117 0 0 0105 00550054
 118 0 0 0106 00570056
 119 0 0 0107 00590058
 120 0 0 0108 005B005A
 121 0 0 0109 005D005C
 122 0 1 010A 005F005E
 123 1 0 0312 10511050
 124 0 0 0313 10531052
 125 0 0 0314 10551054
 126 0 0 0315 10571056
 127 0 0 0316 10591058
 128 0 0 0317 105B105A
 129 0 0 0318 105D105C
 130 0 1 0319 105F105E
 132 1 1 010B 00610060
 134 1 1 031A 10611060
